2025-01-20 15:54:09.465 [info] Starting Python Locator /home/iujeong/.vscode-server/extensions/ms-python.python-2024.22.2/python-env-tools/bin/pet server
2025-01-20 15:54:09.558 [info] Discovered manager: (Conda) /opt/anaconda3/bin/conda
2025-01-20 15:54:09.558 [info] Discovered env: /opt/anaconda3/bin/python
2025-01-20 15:54:09.573 [info] Discovered env: /opt/anaconda3/envs/python=3.13
2025-01-20 15:54:09.585 [info] Discovered env: /opt/anaconda3/envs/JokerK/bin/python
2025-01-20 15:54:09.588 [info] Discovered env: /opt/anaconda3/envs/cdp310/bin/python
2025-01-20 15:54:09.591 [info] Discovered env: /opt/anaconda3/envs/aicar/bin/python
2025-01-20 15:54:09.595 [info] Discovered env: /opt/anaconda3/envs/bin123/bin/python
2025-01-20 15:54:09.598 [info] Discovered env: /opt/anaconda3/envs/gps/bin/python
2025-01-20 15:54:09.599 [info] Discovered env: /opt/anaconda3/envs/test1299/bin/python
2025-01-20 15:54:09.602 [info] Discovered env: /opt/anaconda3/envs/hansol/bin/python
2025-01-20 15:54:09.605 [info] Discovered env: /opt/anaconda3/envs/kaldi/bin/python
2025-01-20 15:54:09.608 [info] Discovered env: /opt/anaconda3/envs/autopilot_lsm/bin/python
2025-01-20 15:54:09.610 [info] Discovered env: /opt/anaconda3/envs/ehdnjs_yolo/bin/python
2025-01-20 15:54:09.611 [info] Discovered env: /opt/anaconda3/envs/bin345/bin/python
2025-01-20 15:54:09.612 [info] Discovered env: /opt/anaconda3/envs/basic/bin/python
2025-01-20 15:54:09.614 [info] Discovered env: /opt/anaconda3/envs/bin234/bin/python
2025-01-20 15:54:09.615 [info] Discovered env: /opt/anaconda3/envs/jayeon/bin/python
2025-01-20 15:54:09.617 [info] Discovered env: /opt/anaconda3/envs/env_lsy/bin/python
2025-01-20 15:54:09.618 [info] Discovered env: /opt/anaconda3/envs/lanenet_env/bin/python
2025-01-20 15:54:09.619 [info] Discovered env: /opt/anaconda3/envs/yangpa/bin/python
2025-01-20 15:54:09.622 [info] Discovered env: /opt/anaconda3/envs/myenv/bin/python
2025-01-20 15:54:09.624 [info] Discovered env: /bin/python3
2025-01-20 15:54:09.625 [info] Discovered env: /opt/anaconda3/envs/person_tracking/bin/python
2025-01-20 15:54:09.627 [info] Discovered env: /opt/anaconda3/envs/surveybay/bin/python
2025-01-20 15:54:09.628 [info] Discovered env: /opt/anaconda3/envs/dlalsrb123/bin/python
2025-01-20 15:54:09.630 [info] Discovered env: /usr/bin/python3
2025-01-20 15:54:09.631 [info] Discovered env: /opt/anaconda3/envs/ezh123/bin/python
2025-01-20 15:54:09.633 [info] Discovered env: /opt/anaconda3/envs/test999/bin/python
2025-01-20 15:54:09.635 [info] Discovered env: /opt/anaconda3/envs/newenv/bin/python
2025-01-20 15:54:09.636 [info] Discovered env: /opt/anaconda3/envs/kgjtest/bin/python
2025-01-20 15:54:09.638 [info] Discovered env: /opt/anaconda3/envs/goguma/bin/python
2025-01-20 15:54:09.640 [info] Discovered env: /opt/anaconda3/envs/yolop/bin/python
2025-01-20 15:54:09.641 [info] Discovered env: /opt/anaconda3/envs/golf/bin/python
2025-01-20 15:54:09.643 [info] Discovered env: /opt/anaconda3/envs/skaigroove/bin/python
2025-01-20 15:54:09.645 [info] Discovered env: /opt/anaconda3/envs/bk7602/bin/python
2025-01-20 15:54:09.647 [info] Discovered env: /opt/anaconda3/envs/bogdong/bin/python
2025-01-20 15:54:09.652 [info] Discovered env: /opt/anaconda3/envs/nanie/bin/python
2025-01-20 15:54:09.654 [info] Discovered env: /opt/anaconda3/envs/nanie1/bin/python
2025-01-20 15:54:09.655 [info] Discovered env: /opt/anaconda3/envs/nanie1664/bin/python
2025-01-20 15:54:09.660 [info] Discovered env: /opt/anaconda3/envs/msoh/bin/python
2025-01-20 15:54:09.664 [info] Discovered env: /opt/anaconda3/envs/test8737/bin/python
2025-01-20 15:54:09.666 [info] Discovered env: /opt/anaconda3/envs/cju/bin/python
2025-01-20 15:54:09.674 [info] Discovered env: /opt/anaconda3/envs/cgh/bin/python
2025-01-20 15:54:09.676 [info] Discovered env: /opt/anaconda3/envs/jha/bin/python
2025-01-20 15:54:09.680 [info] Discovered env: /opt/anaconda3/envs/cju_mlane/bin/python
2025-01-20 15:54:09.682 [info] Discovered env: /opt/anaconda3/envs/test123/bin/python
2025-01-20 15:54:09.686 [info] Discovered env: /opt/anaconda3/envs/KGJ/bin/python
2025-01-20 15:54:09.690 [info] Discovered env: /opt/anaconda3/envs/adas_cju/bin/python
2025-01-20 15:54:09.692 [info] Discovered env: /opt/anaconda3/envs/torch/bin/python
2025-01-20 15:54:09.694 [info] Discovered env: /opt/anaconda3/envs/shkim/bin/python
2025-01-20 15:54:09.696 [info] Discovered env: /opt/anaconda3/envs/water/bin/python
2025-01-20 15:54:09.698 [info] Discovered env: /opt/anaconda3/envs/test1026/bin/python
2025-01-20 15:54:09.703 [info] Discovered env: /opt/anaconda3/envs/hjjeon/bin/python
2025-01-20 15:54:09.706 [info] Locator Conda took 195.837193ms
2025-01-20 15:54:09.706 [info] Locator Homebrew took 234.044µs
2025-01-20 15:54:09.706 [info] Locator LinuxGlobal took 192.447073ms
2025-01-20 15:54:09.706 [info] Locator PipEnv took 13.718µs
2025-01-20 15:54:09.706 [info] Locator Poetry took 152.734µs
2025-01-20 15:54:09.706 [info] Locator PyEnv took 1.195944ms
2025-01-20 15:54:09.706 [info] Locator Venv took 117.905µs
2025-01-20 15:54:09.706 [info] Locator VirtualEnv took 16.378µs
2025-01-20 15:54:09.706 [info] Locator VirtualEnvWrapper took 12.131µs
2025-01-20 15:54:09.706 [info] Locator GlobalVirtualEnvs took 82.33µs
2025-01-20 15:54:09.706 [info] Locator Locators took 195.932661ms
2025-01-20 15:54:09.706 [info] Locator Path took 243.464311ms
2025-01-20 15:54:09.706 [info] Locator Workspaces took 2.060294ms
2025-01-20 15:54:09.707 [info] Refresh completed in 243ms
2025-01-20 15:54:09.707 [warning] Inaccurate Python Environment Info for => 
Environment (Conda)
   Name        : base
   Executable  : /opt/anaconda3/bin/python
   Version     : 3.12.8
   Prefix      : /opt/anaconda3
   Architecture: x64
   Manager     : Conda, /opt/anaconda3/bin/conda
   Symlinks    : "/opt/anaconda3/bin/python"
               : "/opt/anaconda3/bin/python3"
               : "/opt/anaconda3/bin/python3.1"
               : "/opt/anaconda3/bin/python3.12"
.
Resolved as => 
Environment (Conda)
   Name        : base
   Executable  : /opt/anaconda3/bin/python
   Version     : 3.12.4.final.0
   Prefix      : /opt/anaconda3
   Architecture: x64
   Manager     : Conda, /opt/anaconda3/bin/conda
   Symlinks    : "/opt/anaconda3/bin/python"
               : "/opt/anaconda3/bin/python3"
               : "/opt/anaconda3/bin/python3.1"
               : "/opt/anaconda3/bin/python3.12"

Incorrect information => 
Environment Some(Conda) incorrectly identified
   Version is incorrect

2025-01-20 15:54:09.708 [info] Resolved Python Environment /opt/anaconda3/bin/python
2025-01-20 15:54:09.709 [info] Resolved Python Environment /bin/python3
2025-01-20 15:54:09.748 [info] Resolved Python Environment /opt/anaconda3/envs/bogdong/bin/python
2025-01-20 15:55:09.648 [info] Resolved Python Environment /bin/python3
2025-01-20 15:55:10.342 [info] Resolved Python Environment /opt/anaconda3/envs/bogdong/bin/python
2025-01-20 15:55:55.962 [info] Resolved Python Environment /bin/python3
2025-01-20 15:57:50.030 [info] Resolved Python Environment /bin/python3
2025-01-20 15:58:23.217 [info] Resolved Python Environment /bin/python3
2025-01-20 16:02:16.843 [info] Resolved Python Environment /bin/python3
2025-01-20 16:03:02.209 [info] Resolved Python Environment /bin/python3
2025-01-20 16:04:05.910 [info] Resolved Python Environment /bin/python3
2025-01-20 16:05:45.845 [info] Resolved Python Environment /bin/python3
2025-01-20 16:06:16.060 [info] Resolved Python Environment /bin/python3
2025-01-20 16:09:13.744 [info] Resolved Python Environment /bin/python3
2025-01-20 16:19:13.277 [info] Resolved Python Environment /bin/python3
2025-01-20 16:19:45.812 [info] Resolved Python Environment /bin/python3
2025-01-20 16:29:12.498 [info] Resolved Python Environment /bin/python3
2025-01-20 16:29:52.887 [info] Resolved Python Environment /bin/python3
2025-01-20 16:38:54.086 [info] Resolved Python Environment /opt/anaconda3/envs/bogdong/bin/python
2025-01-20 16:38:54.911 [info] Resolved Python Environment /bin/python3
2025-01-20 16:39:37.139 [info] Resolved Python Environment /bin/python3
2025-01-20 16:40:18.031 [info] Resolved Python Environment /bin/python3
2025-01-20 16:42:11.964 [info] Resolved Python Environment /bin/python3
2025-01-20 16:51:40.456 [info] Resolved Python Environment /bin/python3
2025-01-20 16:56:04.605 [info] Resolved Python Environment /bin/python3
2025-01-20 16:56:38.800 [info] Resolved Python Environment /bin/python3
2025-01-20 17:03:37.017 [info] Resolved Python Environment /bin/python3
2025-01-20 17:05:53.243 [info] Resolved Python Environment /bin/python3
2025-01-20 17:09:37.356 [info] Resolved Python Environment /bin/python3
2025-01-20 17:14:49.845 [info] Resolved Python Environment /bin/python3
2025-01-20 17:16:26.812 [info] Resolved Python Environment /bin/python3
