2025-01-19 19:08:50.990 [info] Starting Python Locator /home/iujeong/.vscode-server/extensions/ms-python.python-2024.22.2/python-env-tools/bin/pet server
2025-01-19 19:08:50.997 [info] Discovered manager: (Conda) /opt/anaconda3/bin/conda
2025-01-19 19:08:50.997 [info] Discovered env: /opt/anaconda3/bin/python
2025-01-19 19:08:51.004 [info] Discovered env: /opt/anaconda3/envs/python=3.13
2025-01-19 19:08:51.006 [info] Discovered env: /opt/anaconda3/envs/bin234/bin/python
2025-01-19 19:08:51.007 [info] Discovered env: /opt/anaconda3/envs/autopilot_lsm/bin/python
2025-01-19 19:08:51.009 [info] Discovered env: /opt/anaconda3/envs/aicar/bin/python
2025-01-19 19:08:51.011 [info] Discovered env: /opt/anaconda3/envs/kaldi/bin/python
2025-01-19 19:08:51.015 [info] Discovered env: /opt/anaconda3/envs/bin123/bin/python
2025-01-19 19:08:51.024 [info] Discovered env: /opt/anaconda3/envs/JokerK/bin/python
2025-01-19 19:08:51.028 [info] Discovered env: /opt/anaconda3/envs/cdp310/bin/python
2025-01-19 19:08:51.030 [info] Discovered env: /opt/anaconda3/envs/dlalsrb123/bin/python
2025-01-19 19:08:51.032 [info] Discovered env: /opt/anaconda3/envs/ezh123/bin/python
2025-01-19 19:08:51.033 [info] Discovered env: /opt/anaconda3/envs/basic/bin/python
2025-01-19 19:08:51.035 [info] Discovered env: /opt/anaconda3/envs/goguma/bin/python
2025-01-19 19:08:51.036 [info] Discovered env: /opt/anaconda3/envs/golf/bin/python
2025-01-19 19:08:51.038 [info] Discovered env: /opt/anaconda3/envs/test1299/bin/python
2025-01-19 19:08:51.039 [info] Discovered env: /opt/anaconda3/envs/bin345/bin/python
2025-01-19 19:08:51.142 [info] Discovered env: /opt/anaconda3/envs/gps/bin/python
2025-01-19 19:08:51.151 [info] Discovered env: /opt/anaconda3/envs/myenv/bin/python
2025-01-19 19:08:51.153 [info] Discovered env: /opt/anaconda3/envs/env_lsy/bin/python
2025-01-19 19:08:51.154 [info] Discovered env: /opt/anaconda3/envs/jayeon/bin/python
2025-01-19 19:08:51.156 [info] Discovered env: /bin/python3
2025-01-19 19:08:51.160 [info] Discovered env: /usr/bin/python3
2025-01-19 19:08:51.162 [info] Discovered env: /opt/anaconda3/envs/hansol/bin/python
2025-01-19 19:08:51.167 [info] Discovered env: /opt/anaconda3/envs/ehdnjs_yolo/bin/python
2025-01-19 19:08:51.169 [info] Discovered env: /opt/anaconda3/envs/surveybay/bin/python
2025-01-19 19:08:51.172 [info] Discovered env: /opt/anaconda3/envs/newenv/bin/python
2025-01-19 19:08:51.179 [info] Discovered env: /opt/anaconda3/envs/kgjtest/bin/python
2025-01-19 19:08:51.182 [info] Discovered env: /opt/anaconda3/envs/lanenet_env/bin/python
2025-01-19 19:08:51.186 [info] Discovered env: /opt/anaconda3/envs/skaigroove/bin/python
2025-01-19 19:08:51.189 [info] Discovered env: /opt/anaconda3/envs/bk7602/bin/python
2025-01-19 19:08:51.194 [info] Discovered env: /opt/anaconda3/envs/water/bin/python
2025-01-19 19:08:51.197 [info] Discovered env: /opt/anaconda3/envs/person_tracking/bin/python
2025-01-19 19:08:51.205 [info] Discovered env: /opt/anaconda3/envs/nanie1664/bin/python
2025-01-19 19:08:51.208 [info] Discovered env: /opt/anaconda3/envs/test999/bin/python
2025-01-19 19:08:51.264 [info] Discovered env: /opt/anaconda3/envs/yangpa/bin/python
2025-01-19 19:08:51.267 [info] Discovered env: /opt/anaconda3/envs/test1026/bin/python
2025-01-19 19:08:51.269 [info] Discovered env: /opt/anaconda3/envs/hjjeon/bin/python
2025-01-19 19:08:51.271 [info] Discovered env: /opt/anaconda3/envs/KGJ/bin/python
2025-01-19 19:08:51.272 [info] Discovered env: /opt/anaconda3/envs/nanie/bin/python
2025-01-19 19:08:51.274 [info] Discovered env: /opt/anaconda3/envs/bogdong/bin/python
2025-01-19 19:08:51.276 [info] Discovered env: /opt/anaconda3/envs/adas_cju/bin/python
2025-01-19 19:08:51.279 [info] Discovered env: /opt/anaconda3/envs/cju/bin/python
2025-01-19 19:08:51.281 [info] Discovered env: /opt/anaconda3/envs/msoh/bin/python
2025-01-19 19:08:51.283 [info] Discovered env: /opt/anaconda3/envs/cju_mlane/bin/python
2025-01-19 19:08:51.307 [info] Discovered env: /opt/anaconda3/envs/cgh/bin/python
2025-01-19 19:08:51.311 [info] Discovered env: /opt/anaconda3/envs/jha/bin/python
2025-01-19 19:08:51.313 [info] Discovered env: /opt/anaconda3/envs/nanie1/bin/python
2025-01-19 19:08:51.316 [info] Discovered env: /opt/anaconda3/envs/test8737/bin/python
2025-01-19 19:08:51.318 [info] Discovered env: /opt/anaconda3/envs/test123/bin/python
2025-01-19 19:08:51.321 [info] Discovered env: /opt/anaconda3/envs/shkim/bin/python
2025-01-19 19:08:51.324 [info] Discovered env: /opt/anaconda3/envs/yolop/bin/python
2025-01-19 19:08:51.326 [info] Discovered env: /opt/anaconda3/envs/torch/bin/python
2025-01-19 19:08:51.328 [info] Locator Conda took 169.351061ms
2025-01-19 19:08:51.328 [info] Locator Homebrew took 357.624µs
2025-01-19 19:08:51.328 [info] Locator LinuxGlobal took 166.35572ms
2025-01-19 19:08:51.328 [info] Locator PipEnv took 177.398µs
2025-01-19 19:08:51.328 [info] Locator Poetry took 920.22µs
2025-01-19 19:08:51.328 [info] Locator PyEnv took 104.975µs
2025-01-19 19:08:51.328 [info] Locator Venv took 40.649µs
2025-01-19 19:08:51.328 [info] Locator VirtualEnv took 36.052µs
2025-01-19 19:08:51.328 [info] Locator VirtualEnvWrapper took 46.408µs
2025-01-19 19:08:51.328 [info] Locator GlobalVirtualEnvs took 71.831µs
2025-01-19 19:08:51.328 [info] Locator Locators took 169.42926ms
2025-01-19 19:08:51.328 [info] Locator Path took 215.753204ms
2025-01-19 19:08:51.328 [info] Locator Workspaces took 2.30094ms
2025-01-19 19:08:51.328 [info] Refresh completed in 215ms
2025-01-19 19:08:51.331 [warning] Inaccurate Python Environment Info for => 
Environment (Conda)
   Name        : base
   Executable  : /opt/anaconda3/bin/python
   Version     : 3.12.8
   Prefix      : /opt/anaconda3
   Architecture: x64
   Manager     : Conda, /opt/anaconda3/bin/conda
   Symlinks    : "/opt/anaconda3/bin/python"
               : "/opt/anaconda3/bin/python3"
               : "/opt/anaconda3/bin/python3.1"
               : "/opt/anaconda3/bin/python3.12"
.
Resolved as => 
Environment (Conda)
   Name        : base
   Executable  : /opt/anaconda3/bin/python
   Version     : 3.12.4.final.0
   Prefix      : /opt/anaconda3
   Architecture: x64
   Manager     : Conda, /opt/anaconda3/bin/conda
   Symlinks    : "/opt/anaconda3/bin/python"
               : "/opt/anaconda3/bin/python3"
               : "/opt/anaconda3/bin/python3.1"
               : "/opt/anaconda3/bin/python3.12"

Incorrect information => 
Environment Some(Conda) incorrectly identified
   Version is incorrect

2025-01-19 19:08:51.331 [info] Resolved Python Environment /opt/anaconda3/bin/python
2025-01-19 19:08:51.332 [info] Resolved Python Environment /opt/anaconda3/envs/bogdong/bin/python
2025-01-19 19:08:51.335 [info] Resolved Python Environment /bin/python3
