2025-01-17 21:08:53.723 [info] Starting Python Locator /home/iujeong/.vscode-server/extensions/ms-python.python-2024.22.2/python-env-tools/bin/pet server
2025-01-17 21:08:53.736 [info] Discovered manager: (Conda) /opt/anaconda3/bin/conda
2025-01-17 21:08:53.738 [info] Discovered env: /opt/anaconda3/bin/python
2025-01-17 21:08:53.752 [info] Discovered env: /opt/anaconda3/envs/python=3.13
2025-01-17 21:08:53.754 [info] Discovered env: /opt/anaconda3/envs/bin345/bin/python
2025-01-17 21:08:53.755 [info] Discovered env: /opt/anaconda3/envs/autopilot_lsm/bin/python
2025-01-17 21:08:53.757 [info] Discovered env: /opt/anaconda3/envs/JokerK/bin/python
2025-01-17 21:08:53.758 [info] Discovered env: /opt/anaconda3/envs/aicar/bin/python
2025-01-17 21:08:53.760 [info] Discovered env: /opt/anaconda3/envs/bin234/bin/python
2025-01-17 21:08:53.761 [info] Discovered env: /opt/anaconda3/envs/bin123/bin/python
2025-01-17 21:08:53.763 [info] Discovered env: /opt/anaconda3/envs/basic/bin/python
2025-01-17 21:08:53.764 [info] Discovered env: /opt/anaconda3/envs/lanenet_env/bin/python
2025-01-17 21:08:53.766 [info] Discovered env: /opt/anaconda3/envs/kgjtest/bin/python
2025-01-17 21:08:53.767 [info] Discovered env: /opt/anaconda3/envs/kaldi/bin/python
2025-01-17 21:08:53.769 [info] Discovered env: /opt/anaconda3/envs/env_lsy/bin/python
2025-01-17 21:08:53.770 [info] Discovered env: /opt/anaconda3/envs/jayeon/bin/python
2025-01-17 21:08:53.772 [info] Discovered env: /opt/anaconda3/envs/goguma/bin/python
2025-01-17 21:08:53.773 [info] Discovered env: /opt/anaconda3/envs/cdp310/bin/python
2025-01-17 21:08:53.776 [info] Discovered env: /opt/anaconda3/envs/myenv/bin/python
2025-01-17 21:08:53.811 [info] Discovered env: /opt/anaconda3/envs/ezh123/bin/python
2025-01-17 21:08:53.855 [info] Discovered env: /opt/anaconda3/envs/golf/bin/python
2025-01-17 21:08:53.863 [info] Discovered env: /opt/anaconda3/envs/ehdnjs_yolo/bin/python
2025-01-17 21:08:53.865 [info] Discovered env: /opt/anaconda3/envs/gps/bin/python
2025-01-17 21:08:53.867 [info] Discovered env: /opt/anaconda3/envs/dlalsrb123/bin/python
2025-01-17 21:08:53.869 [info] Discovered env: /opt/anaconda3/envs/hansol/bin/python
2025-01-17 21:08:53.871 [info] Discovered env: /opt/anaconda3/envs/newenv/bin/python
2025-01-17 21:08:53.872 [info] Discovered env: /opt/anaconda3/envs/surveybay/bin/python
2025-01-17 21:08:53.874 [info] Discovered env: /opt/anaconda3/envs/test999/bin/python
2025-01-17 21:08:53.875 [info] Discovered env: /opt/anaconda3/envs/jha/bin/python
2025-01-17 21:08:53.877 [info] Discovered env: /opt/anaconda3/envs/skaigroove/bin/python
2025-01-17 21:08:53.879 [info] Discovered env: /opt/anaconda3/envs/nanie1664/bin/python
2025-01-17 21:08:53.881 [info] Discovered env: /opt/anaconda3/envs/person_tracking/bin/python
2025-01-17 21:08:53.909 [info] Discovered env: /opt/anaconda3/envs/bk7602/bin/python
2025-01-17 21:08:53.919 [info] Discovered env: /opt/anaconda3/envs/msoh/bin/python
2025-01-17 21:08:53.921 [info] Discovered env: /opt/anaconda3/envs/test1026/bin/python
2025-01-17 21:08:53.923 [info] Discovered env: /opt/anaconda3/envs/adas_cju/bin/python
2025-01-17 21:08:53.924 [info] Discovered env: /bin/python3
2025-01-17 21:08:53.927 [info] Discovered env: /usr/bin/python3
2025-01-17 21:08:53.929 [info] Discovered env: /opt/anaconda3/envs/KGJ/bin/python
2025-01-17 21:08:53.931 [info] Discovered env: /opt/anaconda3/envs/test1299/bin/python
2025-01-17 21:08:53.932 [info] Discovered env: /opt/anaconda3/envs/hjjeon/bin/python
2025-01-17 21:08:53.934 [info] Discovered env: /opt/anaconda3/envs/cju_mlane/bin/python
2025-01-17 21:08:53.936 [info] Discovered env: /opt/anaconda3/envs/nanie/bin/python
2025-01-17 21:08:53.939 [info] Discovered env: /opt/anaconda3/envs/bogdong/bin/python
2025-01-17 21:08:53.941 [info] Discovered env: /opt/anaconda3/envs/water/bin/python
2025-01-17 21:08:53.943 [info] Discovered env: /opt/anaconda3/envs/yangpa/bin/python
2025-01-17 21:08:53.945 [info] Discovered env: /opt/anaconda3/envs/nanie1/bin/python
2025-01-17 21:08:53.947 [info] Discovered env: /opt/anaconda3/envs/yolop/bin/python
2025-01-17 21:08:53.949 [info] Discovered env: /opt/anaconda3/envs/cgh/bin/python
2025-01-17 21:08:53.951 [info] Discovered env: /opt/anaconda3/envs/test8737/bin/python
2025-01-17 21:08:53.953 [info] Discovered env: /opt/anaconda3/envs/cju/bin/python
2025-01-17 21:08:53.958 [info] Discovered env: /opt/anaconda3/envs/test123/bin/python
2025-01-17 21:08:53.960 [info] Discovered env: /opt/anaconda3/envs/shkim/bin/python
2025-01-17 21:08:53.962 [info] Discovered env: /opt/anaconda3/envs/torch/bin/python
2025-01-17 21:08:53.996 [info] Locator Conda took 114.681621ms
2025-01-17 21:08:53.996 [info] Locator Homebrew took 163.731µs
2025-01-17 21:08:53.996 [info] Locator LinuxGlobal took 113.209218ms
2025-01-17 21:08:53.996 [info] Locator PipEnv took 17.16µs
2025-01-17 21:08:53.996 [info] Locator Poetry took 1.307004ms
2025-01-17 21:08:53.996 [info] Locator PyEnv took 1.28372ms
2025-01-17 21:08:53.996 [info] Locator Venv took 550.32µs
2025-01-17 21:08:53.996 [info] Locator VirtualEnv took 176.782µs
2025-01-17 21:08:53.996 [info] Locator VirtualEnvWrapper took 23.092µs
2025-01-17 21:08:53.996 [info] Locator GlobalVirtualEnvs took 1.086165ms
2025-01-17 21:08:53.996 [info] Locator Locators took 114.945576ms
2025-01-17 21:08:53.996 [info] Locator Path took 161.93681ms
2025-01-17 21:08:53.996 [info] Locator Workspaces took 2.009393ms
2025-01-17 21:08:53.996 [info] Refresh completed in 162ms
2025-01-17 21:08:53.997 [info] Resolved Python Environment /usr/bin/python3
2025-01-17 21:09:33.493 [info] Resolved Python Environment /usr/bin/python3
2025-01-17 21:10:19.473 [info] Resolved Python Environment /usr/bin/python3
